
   [Parameters]
matched_MassCBmean =  252.37 C L(200 - 800) 
matched_MassCBsigma =  5.8706 +/- 0.20307 C L(1 - 100) 
matched_MassCBalpha1 =  0.88116 +/- 0.070870 C L(0 - 20) 
matched_MassCBn1 =  20.000 +/- 5.9310 C L(0 - 20) 
matched_MassCBalpha2 =  1.0828 +/- 0.037791 C L(0 - 20) 
matched_MassCBn2 =  5.7017 +/- 12.304 C L(0 - 20) 
matchsel_njets = NULL
unmatched_Mass_start = -65.2534 C L(-800 - -1) 
unmatched_Mass_turn =  260. +/- 1.3565 C L(200 - 800) 
unmatched_Mass_stop =  47.835 C L(1 - 800) 
unmatched_MassCBmean =  0.0000 C L(-INF - +INF) 
unmatched_MassCBsigma =  15.570 C L(0 - 500) 
unmatched_MassCBalpha = -0.553745 C L(-10 - 10) 
unmatched_MassCBn =  5.7389 C L(0 - 20) 
unmatchedsel_njets = NULL
N_matched =  0.76716 C L(0 - 1) 

   [Observables]
