
   [Parameters]
matched_MassCBmean =  231.40 C L(180 - 800) 
matched_MassCBsigma =  5.2534 +/- 0.37612 C L(1 - 100) 
matched_MassCBalpha1 =  0.90007 +/- 0.13715 C L(0 - 20) 
matched_MassCBn1 =  20.000 +/- 16.888 C L(0 - 20) 
matched_MassCBalpha2 =  1.0815 +/- 0.088322 C L(0 - 20) 
matched_MassCBn2 =  6.3808 +/- 2.5886 C L(0 - 20) 
matchsel_njets = NULL
unmatched_Mass_start = -69.1712 C L(-800 - -1) 
unmatched_Mass_turn =  260.00 +/- 2.2170 C L(200 - 800) 
unmatched_Mass_stop =  20.430 C L(1 - 800) 
unmatched_MassCBmean =  0.0000 C L(-INF - +INF) 
unmatched_MassCBsigma =  16.952 C L(0 - 500) 
unmatched_MassCBalpha = -0.641823 C L(-10 - 10) 
unmatched_MassCBn =  5.7389 C L(0 - 20) 
unmatchedsel_njets = NULL
N_matched =  0.75195 C L(0 - 1) 

   [Observables]
