
   [Parameters]
matched_MassCBmean =  210.30 C L(180 - 800) 
matched_MassCBsigma =  4.8387 +/- 0.37612 C L(1 - 100) 
matched_MassCBalpha1 =  0.92487 +/- 0.13715 C L(0 - 20) 
matched_MassCBn1 =  20.000 +/- 16.888 C L(0 - 20) 
matched_MassCBalpha2 =  1.0682 +/- 0.088322 C L(0 - 20) 
matched_MassCBn2 =  7.1862 +/- 2.5886 C L(0 - 20) 
matchsel_njets = NULL
unmatched_Mass_start = -73.0890 C L(-800 - -1) 
unmatched_Mass_turn =  260.00 C L(200 - 800) 
unmatched_Mass_stop =  1.0000 C L(1 - 800) 
unmatched_MassCBmean =  0.0000 C L(-INF - +INF) 
unmatched_MassCBsigma =  16.952 C L(0 - 500) 
unmatched_MassCBalpha = -0.756577 C L(-10 - 10) 
unmatched_MassCBn =  5.7389 C L(0 - 20) 
unmatchedsel_njets = NULL
N_matched =  0.73554 C L(0 - 1) 

   [Observables]
