
   [Parameters]
matched_MassCBmean =  596.77 C L(200 - 800) 
matched_MassCBsigma =  49.451 +/- 0.28846 C L(1 - 100) 
matched_MassCBalpha1 =  0.53143 +/- 0.0050239 C L(0 - 20) 
matched_MassCBn1 =  16.897 +/- 0.52384 C L(0 - 20) 
matched_MassCBalpha2 =  1.1042 +/- 0.014924 C L(0 - 20) 
matched_MassCBn2 =  14.279 +/- 1.5069 C L(0 - 20) 
matchsel_njets = NULL
unmatched_Mass_start = -1.000000 C L(-800 - -1) 
unmatched_Mass_turn =  260.00 +/- 65.633 C L(200 - 800) 
unmatched_Mass_stop =  463.28 C L(1 - 800) 
unmatched_MassCBmean =  0.0000 C L(-INF - +INF) 
unmatched_MassCBsigma =  41.076 C L(0 - 500) 
unmatched_MassCBalpha = -1.32509 C L(-10 - 10) 
unmatched_MassCBn =  5.7389 C L(0 - 20) 
unmatchedsel_njets = NULL
N_matched =  0.83728 C L(0 - 1) 

   [Observables]
