
   [Parameters]
matched_MassCBmean =  230.75 +/- 0.076501 L(180 - 800) 
matched_MassCBsigma =  5.1960 +/- 0.057223 L(1 - 100) 
matched_MassCBalpha1 =  0.94145 +/- 0.015658 L(0 - 20) 
matched_MassCBn1 =  20.000 +/- 0.77789 L(0 - 20) 
matched_MassCBalpha2 =  0.90580 +/- 0.014602 L(0 - 20) 
matched_MassCBn2 =  10.374 +/- 0.89617 L(0 - 20) 
matchsel_njets = match
unmatched_Mass_start = -63.9549 +/- 1.6559 L(-800 - -1) 
unmatched_Mass_turn =  259.63 +/- 25.781 L(200 - 800) 
unmatched_Mass_stop =  1.0156 +/- 495.27 L(1 - 800) 
unmatched_MassCBmean =  0.0000 C L(-INF - +INF) 
unmatched_MassCBsigma =  26.703 +/- 0.92432 L(0 - 500) 
unmatched_MassCBalpha = -0.780920 +/- 0.023243 L(-10 - 10) 
unmatched_MassCBn =  5.6460 +/- 0.33778 L(0 - 20) 
unmatchedsel_njets = nomatch
N_matched =  0.65079 +/- 0.0037724 L(0 - 1) 

   [Observables]
