
   [Parameters]
matched_MassCBmean =  210.18 +/- 0.13158 L(180 - 800) 
matched_MassCBsigma =  3.7038 +/- 0.31540 L(1 - 100) 
matched_MassCBalpha1 =  0.86114 +/- 0.084195 L(0 - 20) 
matched_MassCBn1 =  20.000 +/- 2.4070 L(0 - 20) 
matched_MassCBalpha2 =  0.76782 +/- 0.074758 L(0 - 20) 
matched_MassCBn2 =  19.999 +/- 2.2918 L(0 - 20) 
matchsel_njets = match
unmatched_Mass_start = -93.7210 +/- 750.72 L(-800 - -1) 
unmatched_Mass_turn =  246.35 +/- 576.77 L(200 - 800) 
unmatched_Mass_stop =  1.0000 +/- 183.65 L(1 - 800) 
unmatched_MassCBmean =  0.0000 C L(-INF - +INF) 
unmatched_MassCBsigma =  17.321 +/- 3.5232 L(0 - 500) 
unmatched_MassCBalpha = -0.658797 +/- 0.13006 L(-10 - 10) 
unmatched_MassCBn =  4.9713 +/- 0.79469 L(0 - 20) 
unmatchedsel_njets = nomatch
N_matched =  0.61953 +/- 0.0066829 L(0 - 1) 

   [Observables]
