
   [Parameters]
matched_MassCBmean =  353.49 +/- 0.19542 L(200 - 800) 
matched_MassCBsigma =  12.287 +/- 0.34927 L(1 - 100) 
matched_MassCBalpha1 =  1.0103 +/- 0.043667 L(0 - 20) 
matched_MassCBn1 =  5.5832 +/- 0.52156 L(0 - 20) 
matched_MassCBalpha2 =  0.90562 +/- 0.037871 L(0 - 20) 
matched_MassCBn2 =  5.6330 +/- 0.40275 L(0 - 20) 
matchsel_njets = match
unmatched_Mass_start = -33.5277 +/- 0.81908 L(-800 - -1) 
unmatched_Mass_turn =  241.42 +/- 0.69642 L(200 - 800) 
unmatched_Mass_stop =  175.72 +/- 7.1006 L(1 - 800) 
unmatched_MassCBmean =  0.0000 C L(-INF - +INF) 
unmatched_MassCBsigma =  7.3514 +/- 0.99520 L(0 - 500) 
unmatched_MassCBalpha = -0.138391 +/- 0.019264 L(-10 - 10) 
unmatched_MassCBn =  19.987 +/- 3.8098 L(0 - 20) 
unmatchedsel_njets = nomatch
N_matched =  0.83008 +/- 0.0027254 L(0 - 1) 

   [Observables]
