
   [Parameters]
matched_MassCBmean =  328.13 +/- 0.11993 L(200 - 800) 
matched_MassCBsigma =  10.527 +/- 0.11033 L(1 - 100) 
matched_MassCBalpha1 =  0.98648 +/- 0.015176 L(0 - 20) 
matched_MassCBn1 =  7.0255 +/- 0.41713 L(0 - 20) 
matched_MassCBalpha2 =  0.94020 +/- 0.013581 L(0 - 20) 
matched_MassCBn2 =  5.7344 +/- 0.23076 L(0 - 20) 
matchsel_njets = match
unmatched_Mass_start = -64.8424 +/- 17.994 L(-800 - -1) 
unmatched_Mass_turn =  260.34 +/- 10.925 L(200 - 800) 
unmatched_Mass_stop =  145.95 +/- 6.6735 L(1 - 800) 
unmatched_MassCBmean =  0.0000 C L(-INF - +INF) 
unmatched_MassCBsigma =  6.6228 +/- 0.47822 L(0 - 500) 
unmatched_MassCBalpha = -0.176077 +/- 0.0071256 L(-10 - 10) 
unmatched_MassCBn =  7.2846 +/- 0.78593 L(0 - 20) 
unmatchedsel_njets = nomatch
N_matched =  0.82054 +/- 0.0024598 L(0 - 1) 

   [Observables]
