
   [Parameters]
matched_MassCBmean =  302.26 +/- 0.10175 L(200 - 800) 
matched_MassCBsigma =  8.7526 +/- 0.088681 L(1 - 100) 
matched_MassCBalpha1 =  0.97086 +/- 0.014961 L(0 - 20) 
matched_MassCBn1 =  9.6459 +/- 0.76430 L(0 - 20) 
matched_MassCBalpha2 =  0.89941 +/- 0.012740 L(0 - 20) 
matched_MassCBn2 =  7.3494 +/- 0.37605 L(0 - 20) 
matchsel_njets = match
unmatched_Mass_start = -57.0497 +/- 15.141 L(-800 - -1) 
unmatched_Mass_turn =  252.55 +/- 9.3372 L(200 - 800) 
unmatched_Mass_stop =  122.65 +/- 5.2145 L(1 - 800) 
unmatched_MassCBmean =  0.0000 C L(-INF - +INF) 
unmatched_MassCBsigma =  5.8355 +/- 0.46117 L(0 - 500) 
unmatched_MassCBalpha = -0.200895 +/- 0.0076916 L(-10 - 10) 
unmatched_MassCBn =  5.4581 +/- 0.40143 L(0 - 20) 
unmatchedsel_njets = nomatch
N_matched =  0.80635 +/- 0.0025782 L(0 - 1) 

   [Observables]
