
   [Parameters]
matched_MassCBmean =  251.24 +/- 0.15617 L(200 - 800) 
matched_MassCBsigma =  6.8395 +/- 0.24802 L(1 - 100) 
matched_MassCBalpha1 =  1.0347 +/- 0.050511 L(0 - 20) 
matched_MassCBn1 =  20.000 +/- 12.818 L(0 - 20) 
matched_MassCBalpha2 =  0.95564 +/- 0.066273 L(0 - 20) 
matched_MassCBn2 =  15.711 +/- 5.7482 L(0 - 20) 
matchsel_njets = match
unmatched_Mass_start = -1.01404 +/- 152.08 L(-800 - -1) 
unmatched_Mass_turn =  213.90 +/- 16.609 L(200 - 800) 
unmatched_Mass_stop =  115.12 +/- 16.460 L(1 - 800) 
unmatched_MassCBmean =  0.0000 C L(-INF - +INF) 
unmatched_MassCBsigma =  15.423 +/- 1.0146 L(0 - 500) 
unmatched_MassCBalpha = -0.456855 +/- 0.066426 L(-10 - 10) 
unmatched_MassCBn =  7.2278 +/- 2.1757 L(0 - 20) 
unmatchedsel_njets = nomatch
N_matched =  0.68009 +/- 0.0050331 L(0 - 1) 

   [Observables]
