
   [Parameters]
matched_MassCBmean =  380.62 +/- 0.23440 L(200 - 800) 
matched_MassCBsigma =  16.198 +/- 0.20982 L(1 - 100) 
matched_MassCBalpha1 =  1.0904 +/- 0.020103 L(0 - 20) 
matched_MassCBn1 =  5.1611 +/- 0.31829 L(0 - 20) 
matched_MassCBalpha2 =  1.0705 +/- 0.018215 L(0 - 20) 
matched_MassCBn2 =  3.9210 +/- 0.14943 L(0 - 20) 
matchsel_njets = match
unmatched_Mass_start = -215.045 +/- 28.834 L(-800 - -1) 
unmatched_Mass_turn =  403.96 +/- 45.329 L(200 - 800) 
unmatched_Mass_stop =  26.457 +/- 74.695 L(1 - 800) 
unmatched_MassCBmean =  0.0000 C L(-INF - +INF) 
unmatched_MassCBsigma =  15.659 +/- 1.6517 L(0 - 500) 
unmatched_MassCBalpha = -0.381473 +/- 0.035839 L(-10 - 10) 
unmatched_MassCBn =  3.9585 +/- 0.57300 L(0 - 20) 
unmatchedsel_njets = nomatch
N_matched =  0.93892 +/- 0.0022836 L(0 - 1) 

   [Observables]
