
   [Parameters]
matched_MassCBmean =  276.75 +/- 0.15430 L(200 - 800) 
matched_MassCBsigma =  7.0503 +/- 0.12532 L(1 - 100) 
matched_MassCBalpha1 =  0.91991 +/- 0.023852 L(0 - 20) 
matched_MassCBn1 =  19.983 +/- 15.434 L(0 - 20) 
matched_MassCBalpha2 =  0.84439 +/- 0.020877 L(0 - 20) 
matched_MassCBn2 =  8.0957 +/- 0.79562 L(0 - 20) 
matchsel_njets = match
unmatched_Mass_start = -3.14492 +/- 126.10 L(-800 - -1) 
unmatched_Mass_turn =  206.56 +/- 508.19 L(200 - 800) 
unmatched_Mass_stop =  134.25 +/- 61.173 L(1 - 800) 
unmatched_MassCBmean =  0.0000 C L(-INF - +INF) 
unmatched_MassCBsigma =  3.4327 +/- 0.52950 L(0 - 500) 
unmatched_MassCBalpha = -0.0563471 +/- 0.0081787 L(-10 - 10) 
unmatched_MassCBn =  19.990 +/- 19.656 L(0 - 20) 
unmatchedsel_njets = nomatch
N_matched =  0.92723 +/- 0.0034133 L(0 - 1) 

   [Observables]
