
   [Parameters]
matched_MassCBmean =  210.87 +/- 0.090801 L(180 - 800) 
matched_MassCBsigma =  4.6089 +/- 0.091628 L(1 - 100) 
matched_MassCBalpha1 =  1.2656 +/- 0.048830 L(0 - 20) 
matched_MassCBn1 =  20.000 +/- 14.788 L(0 - 20) 
matched_MassCBalpha2 =  1.3961 +/- 0.048163 L(0 - 20) 
matched_MassCBn2 =  4.0876 +/- 0.32685 L(0 - 20) 
matchsel_njets = match
unmatched_Mass_start = -71.8797 +/- 9.2026 L(-800 - -1) 
unmatched_Mass_turn =  261.13 +/- 11.745 L(200 - 800) 
unmatched_Mass_stop =  1.0000 +/- 6.0262 L(1 - 800) 
unmatched_MassCBmean =  0.0000 C L(-INF - +INF) 
unmatched_MassCBsigma =  18.556 +/- 1.5339 L(0 - 500) 
unmatched_MassCBalpha = -0.966153 +/- 0.11365 L(-10 - 10) 
unmatched_MassCBn =  3.6296 +/- 0.32630 L(0 - 20) 
unmatchedsel_njets = nomatch
N_matched =  0.69096 +/- 0.0057127 L(0 - 1) 

   [Observables]
