
   [Parameters]
matched_MassCBmean =  354.30 +/- 0.23767 L(200 - 800) 
matched_MassCBsigma =  12.358 +/- 0.22006 L(1 - 100) 
matched_MassCBalpha1 =  0.98585 +/- 0.024513 L(0 - 20) 
matched_MassCBn1 =  5.6256 +/- 0.43796 L(0 - 20) 
matched_MassCBalpha2 =  0.88492 +/- 0.019842 L(0 - 20) 
matched_MassCBn2 =  4.6757 +/- 0.23376 L(0 - 20) 
matchsel_njets = match
unmatched_Mass_start = -146.837 +/- 85.999 L(-800 - -1) 
unmatched_Mass_turn =  319.29 +/- 45.751 L(200 - 800) 
unmatched_Mass_stop =  85.157 +/- 50.010 L(1 - 800) 
unmatched_MassCBmean =  0.0000 C L(-INF - +INF) 
unmatched_MassCBsigma =  3.9798 +/- 0.34411 L(0 - 500) 
unmatched_MassCBalpha = -0.0573372 +/- 0.0051441 L(-10 - 10) 
unmatched_MassCBn =  19.997 +/- 18.972 L(0 - 20) 
unmatchedsel_njets = nomatch
N_matched =  0.93791 +/- 0.0026412 L(0 - 1) 

   [Observables]
